Start: 2024-08-11 23:04:06)
Stop: 2024-08-11 23:11:13 (Epoch: 1723398073.6743305)
Elapsed: 0d:0h:7m:7s
Start: 2024-08-12 20:33:26)   (Epoch: 1723475006.4170747)
Stop: 2024-08-12 20:34:13 (Epoch: 1723475053.006541)
Elapsed: 0d:0h:0m:46s
